Before MergeSort: 595717461 125919572 778090085 629615052 351713799 449306281 871664143 90586651 183590278 65293489 9015003 208744658 201559715  
Merged [0 to 1]: 125919572 595717461  
Merged [2 to 3]: 629615052 778090085  
Merged [0 to 3]: 125919572 595717461 629615052 778090085  
Merged [4 to 5]: 351713799 449306281  
Merged [4 to 6]: 351713799 449306281 871664143  
Merged [0 to 6]: 125919572 351713799 449306281 595717461 629615052 778090085 871664143  
Merged [7 to 8]: 90586651 183590278  
Merged [7 to 9]: 65293489 90586651 183590278  
Merged [10 to 11]: 9015003 208744658  
Merged [10 to 12]: 9015003 201559715 208744658  
Merged [7 to 12]: 9015003 65293489 90586651 183590278 201559715 208744658  
Merged [0 to 12]: 9015003 65293489 90586651 125919572 183590278 201559715 208744658 351713799 449306281 595717461 629615052 778090085 871664143  
After MergeSort: 9015003 65293489 90586651 125919572 183590278 201559715 208744658 351713799 449306281 595717461 629615052 778090085 871664143  
